10173
10311
10494
10586
10619
10891
10971
11279
11314
11426
11476
11525
11625
11685
11890
11974
12080
12112
12136
12301
12362
12633
12737
12805
12832
13091
13380
13434
13469
13531
13619
13732
13760
13793
13797
14098
14193
14200
14306
14452
14654
14669
14743
14815
14888
14899
14953
15026
15188
15291
15322
15341
15376
15416
15421
15441
15508
15557
15994
16051
16240
16328
16501
16604
16685
16716
16747
16769
16791
16801
16889
16943
17133
17190
17300
17355
17377
17380
17512
17801
17826
17840
17859
18027
18184
18236
18306
18426
18432
18490
18566
18630
18761
18803
18984
19137
19614
19807
19864
19897
19901
19921
20059
20133
20176
20214
20222
20280
20393
20464
20482
20491
20532
20550
20574
20684
20704
20780
20817
20822
21022
21163
21296
21381
21401
21586
21611
21647
21721
21738
21955
21960
21971
22168
22259
22366
22543
22576
22634
22708
22836
22905
23009
23053
23106
23193
23310
23393
23415
23467
23554
23646
23725
23732
23752
24171
24284
24294
24566
24667
24672
24716
24765
24811
25142
25177
25233
25289
25314
25328
25338
25544
25627
25650
25734
25735
25790
25936
25959
26012
26110
26183
26366
26422
26437
26489
26498
26730
26882
26890
26894
26913
26962
27017
27106
27202
27288
27364
27391
27558
27666
27693
27706
27870
27911
27994
28176
28234
28327
28553
28719
28732
28812
28839
28964
28976
29069
29172
29225
29275
29278
29434
29488
29547
29589
29661
29664
29682
29750
29775
29811
29897
30096
30235
30272
30294
30323
30367
30456
30563
30592
30642
30697
30705
30790
30997
31018
31037
31056
31172
31351
31369
31581
31844
32180
32209
32268
32327
32329
32331
32769
32894
33000
33057
33191
33231
33252
33384
33420
33492
33558
33721
33846
33847
33911
33954
34093
34120
34133
34177
34487
34528
34592
34650
34718
34760
34988
35079
35094
35130
35173
35340
35428
35434
35467
35643
35715
35725
35796
35932
35979
36028
36224
36336
36380
36420
36476
36659
36667
36669
36835
36900
36903
37007
37019
37026
37159
37248
37371
37384
37635
37697
37708
37854
37931
38163
38289
38425
38442
38511
38883
38966
39093
39146
39281
39284
39348
39385
39427
39607
39616
39639
39657
39758
39787
39840
39907
40048
40170
40279
40357
40417
40425
40509
40512
40599
40706
40709
40756
40758
40806
40824
40840
40946
40974
41105
41111
41141
41159
41317
41350
41531
41722
41758
41778
41935
41972
42015
42141
42207
42213
42254
42426
42439
42491
42549
42632
42824
42998
43139
43182
43382
43496
43538
43560
43638
43774
43796
43842
43910
44075
44112
44185
44193
44236
44245
44401
44437
44464
44472
44481
44622
44689
44699
44766
44986
45093
45177
45311
45365
45368
45369
45532
45587
45722
45871
46439
46567
46649
46700
46961
47024
47127
47304
47417
47426
47467
47532
47856
47863
47904
47909
47920
47952
48018
48127
48151
48195
48365
48384
48422
48435
48621
48942
48985
48990
49162
49180
49301
49387
49467
49539
49558
49677
49694
49774
49782
49800
49923
49931
50032
50079
50383
50502
50528
50567
50837
50905
51011
51030
51079
51151
51179
51195
51198
51239
51252
51360
51373
51400
51501
51604
51738
51798
51899
51986
52095
52147
52167
52229
52439
52566
52715
52900
52941
53034
53067
53073
53213
53260
53542
53579
53594
53649
53899
53966
54262
54264
54403
54616
54787
54907
55141
55488
55489
55595
55624
55760
55840
55881
55908
55976
56091
56126
56317
56386
56464
56474
56481
56485
57179
57189
57308
57320
57589
57862
57997
58010
58117
58243
58246
58407
58409
58540
58595
58732
58740
58799
58858
58990
58999
59191
59330
59695
59759
59793
60024
60282
60368
60519
60653
60787
60788
60942
60963
61065
61111
61159
61252
61317
61359
61386
61388
61401
61452
61526
61537
61636
61656
61698
61834
61846
61872
62207
62232
62237
62522
62551
62746
62774
62894
63168
63695
63791
63816
63856
64106
64149
64155
64173
64287
64333
64384
64550
64635
64695
64705
64732
64820
64928
64974
65024
65062
65297
65374
65511
65538
65548
65570
65756
65830
65920
65956
66015
66102
66131
66499
66608
66727
67001
67094
67107
67114
67130
67404
67469
67541
67555
67774
67797
67811
67974
67992
68188
68310
68368
68370
68537
68702
68826
68857
68980
69115
69120
69216
69747
70126
70154
70292
70433
70555
70570
70605
70647
70893
71095
71164
71184
71229
71298
71363
71584
71613
71632
71667
71691
71700
71711
71757
71807
71824
71848
71868
71881
72386
72608
72653
72727
72787
73211
73252
73321
73395
73407
73469
73579
73842
73975
73987
74039
74160
74299
74487
74518
74566
74570
74634
74642
74713
74742
74745
74870
74917
75060
75085
75088
75223
75283
75294
75354
75536
75624
75786
75789
75980
76104
76153
76168
76256
76414
76507
76530
76536
76660
76784
76821
76908
77059
77226
77286
77767
77859
77866
77969
78046
78078
78146
78488
78541
78547
78652
78750
78783
78872
78885
78945
78990
79072
79105
79138
79194
79235
79236
79298
79365
79388
79411
79422
79486
79576
79593
79707
79764
79839
79971
79980
80171
80172
80192
80230
80395
80499
80504
80626
80680
80762
81010
81081
81130
81140
81243
81515
81586
81595
81693
81699
81713
81849
81918
82083
82230
82304
82350
82415
82444
82609
82623
82709
82822
82906
83194
83377
83422
83498
83585
83587
83631
83649
83662
83704
83872
83894
83915
83954
84128
84198
84378
84632
84691
84731
84742
84967
85067
85161
85173
85213
85354
85498
85503
85629
85672
85681
85816
85856
85898
86079
86291
86547
86595
86602
86630
86696
86721
86804
86825
86834
86881
86959
87121
87279
87449
87483
87491
87606
87694
87699
87743
87996
88061
88294
88385
88397
88579
88792
88949
89049
89154
89183
89505
89603
89780
89941
90152
90386
90548
90633
90660
90696
90824
91218
91221
91312
91644
91687
91770
91869
92225
92247
92274
92387
92427
92433
92573
92806
92910
93089
93167
93217
93289
93290
93329
93336
93495
93579
93684
93982
94128
94307
94428
94484
94495
94496
94536
94585
94636
94683
94802
94880
94901
94968
95005
95046
95169
95180
95299
95515
95566
95643
95718
95878
95897
96034
96102
96285
96432
96871
96982
97016
97018
97030
97062
97110
97144
97208
97265
97345
97372
97531
97683
97692
97761
97787
97792
97909
98081
98168
98205
98440
98455
98505
98547
98556
98590
98604
98821
98880
98965
99072
99134
99150
99264
99310
99518
99606
99653
99717
99788
99821
99823
99910
