10181
10311
10311
10311
10311
10311
10311
10311
10311
10311
10311
10311
10311
10392
10893
10956
10982
11465
11750
11939
12061
12130
12198
12317
12338
12449
12520
12659
12715
12885
13033
13062
13241
13469
13469
13469
13469
13469
13469
13469
13469
13469
13469
13469
13469
13469
13732
13874
13940
14118
14155
14196
14442
14448
14460
14804
15228
15331
15427
15526
15707
15790
15983
16314
16398
16585
16844
17142
17199
17315
17442
17527
17644
17840
17840
17840
17840
17840
17840
17840
17840
17840
17840
17840
17840
17840
17840
18271
18344
18477
18510
18567
18697
18858
18987
19302
19307
19390
19448
19467
19806
19951
19960
20122
20464
20464
20464
20464
20464
20464
20464
20464
20464
20464
20464
20464
20464
20464
20464
20464
20464
20464
20824
21028
21075
21364
21621
21625
21688
21728
21976
22168
22168
22168
22168
22168
22198
22277
22294
22499
22708
22708
22708
22708
22708
22708
22708
22708
23095
23132
23675
23737
23986
24098
24332
24358
24418
24730
24897
25105
25199
25361
25562
25790
25790
25790
25790
25790
25790
25790
25790
25790
25790
25790
25866
25959
25959
25959
25959
25959
25959
25959
25959
25959
25959
25959
25959
25959
25959
25959
25959
25959
26008
26012
26012
26012
26012
26012
26012
26012
26012
26012
26012
26237
26572
26600
26730
26730
26730
26730
26730
26730
26730
26984
27040
27063
27200
27283
27410
27540
27637
27706
27706
27706
27870
27870
27870
27870
27870
27870
27870
27870
27870
27870
27870
28237
28337
28443
28561
28597
28621
28713
28778
28919
29170
29401
29519
29584
29710
29814
29891
29925
30283
30297
30532
30684
30876
30887
30962
31037
31037
31037
31037
31037
31037
31037
31037
31037
31037
31037
31037
31037
31037
31037
31037
31037
31037
31153
31216
31289
31339
31480
31641
31892
32003
32130
32327
32327
32327
32327
32327
32327
32327
32327
32327
32327
32327
32327
32327
32327
32327
32327
32327
32327
32327
32330
32390
32533
32589
32752
32926
33036
33231
33231
33231
33231
33231
33231
33231
33231
33231
33231
33231
33231
33231
33231
33249
33715
33787
33797
33802
33911
33911
33911
33911
33911
33911
33911
33911
33911
33911
33911
33911
33911
33911
33911
33911
33911
33922
34148
34159
34334
34401
34779
34957
35284
35321
35414
35469
35614
35661
35778
35793
35829
35996
36191
36198
36318
36428
36583
36896
37067
37142
37160
37275
37327
37394
37656
37870
38113
38418
38552
38650
38781
39188
39223
39491
39685
39786
39901
40177
40331
40395
40468
40500
40744
40873
41006
41087
41105
41105
41105
41105
41171
41334
41393
41466
41607
41878
41980
42099
42327
42345
42408
42458
42531
42563
42642
42699
42756
42872
43083
43498
43748
43952
44148
44210
44236
44236
44236
44236
44236
44236
44410
44653
44767
44803
44915
45153
45461
45500
45535
45735
45861
46022
46037
46060
46099
46418
46622
46627
46800
46916
47093
47192
47202
47321
47433
47770
48000
48015
48017
48045
48144
48569
48665
48734
49027
49043
49345
49500
49558
49558
49558
49558
49558
49558
49558
49558
49558
49558
49558
49558
49558
49561
49694
49694
49694
49694
49694
49888
49901
50028
50096
50150
50515
50901
50988
51155
51351
51373
51373
51373
51373
51373
51373
51373
51373
51373
51474
51725
51728
51863
51920
52439
52439
52439
52439
52439
52439
52439
52439
52439
52439
52439
52439
52439
52439
52439
52439
52509
52917
53267
53322
53468
53761
54482
54606
54609
54616
54616
54616
54616
54616
54616
54616
54616
54616
54654
54813
54824
55119
55141
55141
55141
55141
55203
55346
55742
55909
56008
56170
56253
56357
56369
56495
56497
56553
56756
57009
57059
57070
57405
57620
57839
57909
58243
58243
58243
58243
58243
58243
58243
58243
58243
58243
58243
58243
58243
58243
58243
58254
58564
58592
58595
58595
58595
58595
58595
58595
58595
58607
58828
59190
59401
59416
59553
59580
59761
59988
60452
60634
60825
61122
61515
61538
61593
62022
62042
62188
62521
62592
62721
62907
63022
63109
63155
63351
63580
63872
64273
64391
64568
64620
64938
64939
65278
65394
65630
65726
66506
66511
66516
66651
67054
67286
67458
67665
67811
67811
67811
67811
67811
67811
67973
68049
68587
68650
68656
68759
68771
68857
69302
69327
69556
69589
69664
69728
69762
69801
70325
70330
70394
70578
70635
71217
71299
71373
71471
71544
71632
71632
71632
71632
71632
71632
71632
71632
71632
71632
71632
71632
71899
72049
72179
72368
72609
72651
72722
72728
72908
73037
73043
73066
73109
73325
73366
73399
73550
73630
73667
73805
74245
74306
74639
74779
74875
74946
75320
75324
75523
75610
75634
75785
75836
75886
75904
76323
76611
76904
76918
76956
77443
77500
77961
78348
78352
78378
78450
78588
78890
79221
79597
79772
79857
79864
79873
79924
79967
79991
80086
80105
80312
80434
80561
80680
80680
80680
80680
80680
80680
80730
80769
80977
81018
81078
81211
81384
81474
81703
81784
81864
81934
81944
82100
82113
82131
82206
82272
82459
82477
82532
82623
82623
82636
82638
82974
83302
83604
83714
83762
83821
83947
83968
83989
83997
84101
84186
84529
84636
84997
85081
85092
85339
85393
85489
85542
85675
86053
86255
86495
86600
86633
87023
87043
87279
87279
87279
87279
87279
87279
87279
87279
87286
87296
87498
87524
87726
87874
87970
88397
88397
88397
88397
88397
88397
88397
88397
88397
88397
88397
88397
88397
88397
88397
88397
88397
88397
88397
88397
88473
88541
88615
88747
88865
88894
88896
88917
88969
89113
89230
89331
89414
89520
89698
89725
89733
89779
89998
90072
90162
90197
90269
90298
90378
90511
90550
90560
90672
90706
91054
91177
91430
91671
91743
91777
91785
92137
92319
92432
93019
93040
93792
93821
93877
93885
94017
94048
94108
94117
94183
94226
94388
94408
94680
95049
95080
95208
95357
95535
95568
95594
95631
95729
95869
96220
96288
96386
96638
96787
97109
97463
97528
97537
97636
97692
97692
97692
97692
97692
97692
97692
97692
97692
97692
97692
97692
97692
97692
97692
97728
97850
97963
97966
97982
98013
98413
98491
98554
98556
98556
98556
98556
98556
98556
98556
98556
98556
98556
98650
98780
98950
98965
98965
98965
98965
98965
98965
98965
98965
98965
98965
98965
98973
98984
99150
99150
99150
99150
99150
99150
99150
99150
99150
99150
99150
99150
99150
99150
99150
99268
99274
99353
99449
99527
99580
99784
99864
99882
99892
